RC Vehicles' Ids Not Found in FleetIO system

163
332
353
363
369
371
372
388
402
407
409
411
420
437
460
463
473
475
495
501
504
505
506
510
511
515
519
520
528
529
533
535
536
537
541
545
548
549
550
551
552
554
555
557
558
561
563
564
565
566
568
571
574
578
585
586
587
590
592
593
594
595
596
597
598
599
600
601
602
603
604
608
611
613
614
615
616
618
619
620
622
627
629
633
635
637
638
640
641
643
644
645
647
648
656
657
659
660
661
663
664
665
666
667
668
669
670
672
674
677
682
687
688
690
691
692
693
695
697
702
703
710
712
714
715
716
718
719
721
722
723
724
725
726
727
728
729
730
731
732
733
734
735
736
737
738
739
740
741
742
744
745
750
751
752
754
758
759
760
761
762
763
764
766
767
768
769
770
771
773
774
775
776
777
778
779
780
781
782
783
784
785
787
788
790
791
792
793
794
795
796
797
798
799
800
801
802
803
804
805
806
807
808
809
810
811
812
813
814
815
816
817
818
819
820
821
822
823
824
825
826
827
828
830
831
832
833
834
835
836
838
839
840
841
842
843
844
845
846
847
848
849
850
851
852
853
854
855
856
857
858
859
860
861
862
863
864
865
866
867
868
869
870
871
872
873
874
875
876
877
878
879
880
881
882
883
884
885
886
887
893
894
895
896
897
900
901
902
903
904
905
906
907
908
909
910
911
912
913
914
915
916
917
918
919
920
921
922
923
924
925
926
927
928
929
930
931
932
933
